010110010000000010110011100110110001000111
000011111110000110000100110010111000011010
000011000011101010101010110011111000001110
000001000101100111011000011000010101100011
000000101100110111000111010110101101001001
000000010100110100110000101011010110101101
000000001101100001100011000001111110110111
000000000010101100110001111110011100111000
000000000111100010000000010000100011110101
000000000010001011011110011001001010001001
000000000001111011110101000111000001000110
000000000000101110011110100001111001010001
000000000000010110100101110101010110000110
000000000000001111001001110100010011101111
000000000000000011010011011111010010001000
000000000000000010100111000000000111111010
000000000000000000111000101000010101001010
000000000000000000101101110011110000101001
000000000000000000000111011010011010000001
000000000000000000000110000101010111011011
000000000000000000000001011011101000011110
000000000000000000000001110011111110000110
000000000000000000000000101000000010010111
000000000000000000000000011100100010111110
000000000000000000000000001011000010101000
000000000000000000000000000010001001101011
000000000000000000000000000110010111110001
000000000000000000000000000010111010100101
000000000000000000000000000001110110001011
000000000000000000000000000000101011100110
000000000000000000000000000000000011110100
000000000000000000000000000000000011111000
000000000000000000000000000000000100111110
000000000000000000000000000000000011011100
000000000000000000000000000000000000001011
000000000000000000000000000000000000000010
000000000000000000000000000000000000011011
000000000000000000000000000000000000000111
000000000000000000000000000000000000000000
000000000000000000000000000000000000000011
000000000000000000000000000000000000000000
000000000000000000000000000000000000000000
